{
  "models": {
    "gpt2": {
      "model": "gpt2",
      "n_layer": 12,
      "layer": 11,
      "N": 1200,
      "labels": [
        "H0",
        "H1",
        "H2",
        "H3",
        "H4",
        "H5",
        "H6",
        "H7"
      ],
      "overlap_matrix": [
        [
          1.0,
          0.2741457521915436,
          0.27047061920166016,
          0.28542929887771606,
          0.3036673665046692,
          0.276479572057724,
          0.2636685073375702,
          0.29795464873313904
        ],
        [
          0.2741457521915436,
          1.0,
          0.29854899644851685,
          0.29799896478652954,
          0.27529415488243103,
          0.28326693177223206,
          0.2852347791194916,
          0.2912689745426178
        ],
        [
          0.27047061920166016,
          0.29854899644851685,
          1.0,
          0.22900009155273438,
          0.3244084417819977,
          0.2739059627056122,
          0.277854859828949,
          0.2634510099887848
        ],
        [
          0.28542929887771606,
          0.29799896478652954,
          0.22900009155273438,
          1.0,
          0.2905760109424591,
          0.33603963255882263,
          0.2818518579006195,
          0.2537863552570343
        ],
        [
          0.3036673665046692,
          0.27529415488243103,
          0.3244084417819977,
          0.2905760109424591,
          1.0,
          0.2870955169200897,
          0.30910447239875793,
          0.313338965177536
        ],
        [
          0.276479572057724,
          0.28326693177223206,
          0.2739059627056122,
          0.33603963255882263,
          0.2870955169200897,
          1.0,
          0.25891202688217163,
          0.2945220470428467
        ],
        [
          0.2636685073375702,
          0.2852347791194916,
          0.277854859828949,
          0.2818518579006195,
          0.30910447239875793,
          0.25891202688217163,
          1.0,
          0.25584688782691956
        ],
        [
          0.29795464873313904,
          0.2912689745426178,
          0.2634510099887848,
          0.2537863552570343,
          0.313338965177536,
          0.2945220470428467,
          0.25584688782691956,
          1.0
        ]
      ],
      "intrinsic_dims": [
        5.759772238328059,
        6.7959300601823704,
        7.585261952478847,
        5.829930605567841,
        7.0960972992438895,
        8.000283176844848,
        7.416007201810548,
        7.375179921759468
      ],
      "linear_dims": [
        22,
        23,
        26,
        21,
        17,
        27,
        24,
        26
      ],
      "dlocal_sweep": {
        "4": 0.21426820063165256,
        "5": 0.2460043542087078,
        "6": 0.26828528568148613,
        "7": 0.284040096615042,
        "8": 0.30132710188627243,
        "9": 0.32038612983056475,
        "10": 0.3415574697511537
      }
    },
    "gpt2-medium": {
      "model": "gpt2-medium",
      "n_layer": 24,
      "layer": 23,
      "N": 1200,
      "labels": [
        "H0",
        "H1",
        "H2",
        "H3",
        "H4",
        "H5",
        "H6",
        "H7"
      ],
      "overlap_matrix": [
        [
          1.0,
          0.2930219769477844,
          0.2739889323711395,
          0.2722439169883728,
          0.23763497173786163,
          0.2501509189605713,
          0.2622123658657074,
          0.2746739387512207
        ],
        [
          0.2930219769477844,
          1.0,
          0.2715983986854553,
          0.26327067613601685,
          0.2604648768901825,
          0.26057496666908264,
          0.2928678095340729,
          0.28316572308540344
        ],
        [
          0.2739889323711395,
          0.2715983986854553,
          1.0,
          0.28132566809654236,
          0.3273715376853943,
          0.2900739312171936,
          0.3119909167289734,
          0.22577443718910217
        ],
        [
          0.2722439169883728,
          0.26327067613601685,
          0.28132566809654236,
          1.0,
          0.2671424448490143,
          0.25461065769195557,
          0.2987688183784485,
          0.28107863664627075
        ],
        [
          0.23763497173786163,
          0.2604648768901825,
          0.3273715376853943,
          0.2671424448490143,
          1.0,
          0.2771960496902466,
          0.2555099129676819,
          0.2817602753639221
        ],
        [
          0.2501509189605713,
          0.26057496666908264,
          0.2900739312171936,
          0.25461065769195557,
          0.2771960496902466,
          1.0,
          0.3644159436225891,
          0.22424936294555664
        ],
        [
          0.2622123658657074,
          0.2928678095340729,
          0.3119909167289734,
          0.2987688183784485,
          0.2555099129676819,
          0.3644159436225891,
          1.0,
          0.30745068192481995
        ],
        [
          0.2746739387512207,
          0.28316572308540344,
          0.22577443718910217,
          0.28107863664627075,
          0.2817602753639221,
          0.22424936294555664,
          0.30745068192481995,
          1.0
        ]
      ],
      "intrinsic_dims": [
        6.885519810016474,
        7.347394088877055,
        5.93634742974859,
        5.782950381022385,
        5.767656392684335,
        4.799871815981332,
        5.46494107479256,
        7.2254132693568955
      ],
      "linear_dims": [
        23,
        31,
        24,
        29,
        5,
        21,
        41,
        19
      ],
      "dlocal_sweep": {
        "4": 0.20188328889863832,
        "5": 0.23238146411521093,
        "6": 0.25349302323801176,
        "7": 0.27659245527216364,
        "8": 0.29590111332280294,
        "9": 0.31371126643248964,
        "10": 0.3321612541164671
      }
    },
    "gpt2-large": {
      "model": "gpt2-large",
      "n_layer": 36,
      "layer": 35,
      "N": 1200,
      "labels": [
        "H0",
        "H1",
        "H2",
        "H3",
        "H4",
        "H5",
        "H6",
        "H7"
      ],
      "overlap_matrix": [
        [
          1.0,
          0.2612103819847107,
          0.2644498646259308,
          0.2555566728115082,
          0.3332277834415436,
          0.2985481917858124,
          0.2396407425403595,
          0.28647181391716003
        ],
        [
          0.2612103819847107,
          1.0,
          0.27093034982681274,
          0.272053599357605,
          0.2977948784828186,
          0.30112260580062866,
          0.3012007772922516,
          0.33073076605796814
        ],
        [
          0.2644498646259308,
          0.27093034982681274,
          1.0,
          0.279414564371109,
          0.2937946915626526,
          0.25471144914627075,
          0.24594388902187347,
          0.28301575779914856
        ],
        [
          0.2555566728115082,
          0.272053599357605,
          0.279414564371109,
          1.0,
          0.2962613105773926,
          0.28869393467903137,
          0.28881651163101196,
          0.2437526136636734
        ],
        [
          0.3332277834415436,
          0.2977948784828186,
          0.2937946915626526,
          0.2962613105773926,
          1.0,
          0.26552486419677734,
          0.3083753287792206,
          0.28952017426490784
        ],
        [
          0.2985481917858124,
          0.30112260580062866,
          0.25471144914627075,
          0.28869393467903137,
          0.26552486419677734,
          1.0,
          0.23384298384189606,
          0.30188772082328796
        ],
        [
          0.2396407425403595,
          0.3012007772922516,
          0.24594388902187347,
          0.28881651163101196,
          0.3083753287792206,
          0.23384298384189606,
          1.0,
          0.2926107347011566
        ],
        [
          0.28647181391716003,
          0.33073076605796814,
          0.28301575779914856,
          0.2437526136636734,
          0.28952017426490784,
          0.30188772082328796,
          0.2926107347011566,
          1.0
        ]
      ],
      "intrinsic_dims": [
        5.631745989151918,
        6.304646449562894,
        5.078785068611812,
        4.512891454816967,
        4.834617858951792,
        5.302174872046779,
        6.311832189864977,
        6.737614099447463
      ],
      "linear_dims": [
        36,
        36,
        39,
        40,
        39,
        44,
        36,
        49
      ],
      "dlocal_sweep": {
        "4": 0.21116708112614496,
        "5": 0.2369333558848926,
        "6": 0.25804814217346056,
        "7": 0.28139660560659,
        "8": 0.3025431473340307,
        "9": 0.3170961844069617,
        "10": 0.3419849340404783
      }
    }
  },
  "overlap_ci": {
    "gpt2": {
      "O_h": 0.284,
      "lo": 0.276,
      "hi": 0.292,
      "params_M": 124
    },
    "gpt2-medium": {
      "O_h": 0.277,
      "lo": 0.267,
      "hi": 0.288,
      "params_M": 355
    },
    "gpt2-large": {
      "O_h": 0.281,
      "lo": 0.272,
      "hi": 0.29,
      "params_M": 774
    }
  },
  "intercorpus": {
    "wikitext": {
      "O_h": 0.284,
      "lo": 0.276,
      "hi": 0.292
    },
    "c4": {
      "O_h": 0.277,
      "lo": 0.269,
      "hi": 0.285
    }
  },
  "q06": {
    "top1_damage_ppl": 16.45,
    "pca_rank7_recovered": 55.9,
    "ae_64_7_64_recovered": 55.8,
    "fvu": 0.38
  }
}